[
    {
        "emissionStrength": 0,
        "reflectance": 0,
        "emissionColor": [
            0,
            0,
            0
        ],
        "color": [
            0.35686275362968447,
            0.35686275362968447,
            0.35686275362968447
        ],
        "cframe": [
            0,
            -8,
            0,
            1,
            0,
            0,
            0,
            1,
            0,
            0,
            0,
            1
        ],
        "shape": "Block",
        "size": [
            2048,
            16,
            2048
        ]
    },
    {
        "emissionStrength": 0,
        "reflectance": 1,
        "emissionColor": [
            0,
            0,
            0
        ],
        "color": [
            0.6392157077789307,
            0.6352941393852234,
            0.6470588445663452
        ],
        "cframe": [
            -11.014934539794922,
            2,
            6.382991790771484,
            1,
            0,
            0,
            0,
            1,
            0,
            0,
            0,
            1
        ],
        "shape": "Ball",
        "size": [
            4,
            4,
            4
        ]
    },
    {
        "emissionStrength": 0,
        "reflectance": 0,
        "emissionColor": [
            0,
            0,
            0
        ],
        "color": [
            1,
            1,
            0
        ],
        "cframe": [
            -4.262251853942871,
            1.5175660848617554,
            2.633746862411499,
            0.9417380690574646,
            0,
            0.3363471031188965,
            0,
            1,
            0,
            -0.3363471031188965,
            0,
            0.9417380690574646
        ],
        "shape": "Block",
        "size": [
            6.507617950439453,
            3.0351319313049318,
            3.962618827819824
        ]
    },
    {
        "emissionStrength": 0,
        "reflectance": 0,
        "emissionColor": [
            0,
            0,
            0
        ],
        "color": [
            0.01568627543747425,
            0.686274528503418,
            0.9254902005195618
        ],
        "cframe": [
            -11.235857009887696,
            2.313140869140625,
            -5.22519588470459,
            0.9864089488983154,
            0,
            0.1643088459968567,
            0,
            1,
            0,
            -0.1643088459968567,
            0,
            0.9864089488983154
        ],
        "shape": "Block",
        "size": [
            4.550884246826172,
            4.62628173828125,
            4.974608898162842
        ]
    },
    {
        "emissionStrength": 0,
        "reflectance": 0,
        "emissionColor": [
            0,
            0,
            0
        ],
        "color": [
            0,
            1,
            0
        ],
        "cframe": [
            -18.662221908569337,
            3.693249225616455,
            9.881357192993164,
            0.9471932053565979,
            0,
            0.3206635117530823,
            0,
            1,
            0,
            -0.3206635117530823,
            0,
            0.9471932053565979
        ],
        "shape": "Block",
        "size": [
            4.160380840301514,
            7.38649845123291,
            4.528162956237793
        ]
    },
    {
        "emissionStrength": 0,
        "reflectance": 0,
        "emissionColor": [
            0,
            0,
            0
        ],
        "color": [
            1,
            0.4000000059604645,
            0.800000011920929
        ],
        "cframe": [
            -15.686819076538086,
            2.580313205718994,
            15.075506210327149,
            0.9178319573402405,
            0,
            -0.39696913957595827,
            0,
            1,
            0,
            0.39696913957595827,
            0,
            0.9178319573402405
        ],
        "shape": "Block",
        "size": [
            4.160380840301514,
            5.160626411437988,
            4.528162956237793
        ]
    }
]